93a42e25 00 01 001 001 11 010 0 1 0 0 0 01 011 100 010 0101 
[5,2,4,3,1,0,0,0,1,0,2,3,1,1,1,0]

2d38431b7 01 01 101 001 11 000 0 1 0 0 0 01 100 011 011 0111
[7,3,3,4,1,0,0,0,1,0,0,3,1,5,1,1]
93642e36 00 01 001 001 10 110 0 1 0 0 0 01 011 100 011 0110
[6,3,4,3,1,0,0,0,1,0,4,2,1,1,1,0]
53443224 00 00 101 001 10 100 0 1 0 0 0 01 100 100 010 0100
[4,2,4,4,1,0,0,0,1,0,4,2,1,5,0,0]
17245206 00 00 001 011 10 010 0 1 0 0 0 10 100 100 000 0110
[6,0,4,4,2,0,0,0,1,0,2,2,3,1,0,0]
2d50431b7 01 01 101 010 10 000 0 1 0 0 0 01 100 011 011 0111
[7,3,3,4,1,0,0,0,1,0,0,2,2,5,1,1]
a2e43239 00 01 010 001 01 110 0 1 0 0 0 01 100 100 011 1001
[9,3,4,4,1,0,0,0,1,0,4,1,1,2,1,0]
c00008 00 00 000 000 01 100 0 0 0 0 0 00 000 000 000 1000
[8,0,0,0,0,0,0,0,0,0,4,1,0,0,0,0]
d2a4e36 00 00 00 110 10 010 1 0 1 0 0 10 011 100 011 0110
[6,3,4,3,2,0,0,1,0,1,2,2,6,0,0,0]
2d2843236 01 01 101 001 01 000 0 1 0 0 0 01 100 100 011 0110
[6,3,4,4,1,0,0,0,1,0,0,1,1,5,1,1]
96623246 00 01 001 011 00 110 0 0 1 0 0 01 100 100 100 0110
[6,4,4,4,1,0,0,1,0,0,6,0,3,1,1,0]
d44c2dcb1 01 01 010 00 100 1 1 0 0 0 01 011 011 100 1011
[11,4,3,3,1,0,0,0,1,1,4,0,2,1,1,0]
350354e0d 01 10 101 000 00 011 0 1 0 1 0 10 011 100 000 1101
[11,0,4,3,2,0,1,0,1,0,3,0,0,5,2,1]
920431b7 00 01 001 001 00 000 0 1 0 0 0 01 100 011 011 0111
[7,3,3,4,1,0,0,0,1,0,0,0,1,1,1,0]
