110000000001001010100111010111000001110
000000000010001110100010010011000100001
000000000001011011000110101001000000110
100000010010100101100011100111000001110
110000110101000101100111100111000001101
100010110110000001000010010101000101100
111000000001100101100001011101001001001
110010110101000011000110010010111001100
101000110110100101000110100111001011010
110010110101000101000110011010111011000
101000000110100011100010100010111011010
000000000010001011100010001011000000001
110000001001000101100011010011001001100
011000110101001101100111100111001011001
110000000010000101100011010110110111001
110000110101000010100110011010111001110
100000000010000000101010100111000100010
101000010010001101100010011011000100111
101000000010001011100010101011000100001
101000010010001000100010011011001001000
101000110110100101100010100111001001101
101000110110001101100010010111001001011
101000010010001101100010011011001000101
101000000110100101100010011011001011010
101000001010100011100010101011001000111
111000000101001011100010011011001010101
001000000010001011100010100111001001110
101000000010001001100010101011000100001
101001010110001110100010101011000100011
001000000010001001100010011011000100001
101000001010100011100010101011001000110
001000000010001100000010011101000100010
000000000010001011000010100111001001011
001000000010100001000010101011001001100
000000000010001101100010010111000111110
101000110110100001000010100011000111100
101000110110100011100010100111001001010
001000000010001001100010011011000100001
000000000001100011000010101011001001101
101000000010001001100010011011000100001
001000000010001001000010101100101001000
001000000010001110100010101011000110101
111000110110100011100010101011001001110
101001010110001001100010010111000110011
101000010001001110100010100111000111001
101000000010001001000010101011000100010
101000110110011011000010100111001001001
101010110110010011100010011011001001001
101001110110001000100010100111001000100
101000110110011011100010100111001001010
000000000010010011100010100111001001110
001000000010001011000010100110110111011
101000000101010011000110011011001001000
101000000010001110100010011011000100001
101000000010001011100010101011000100010
101000000001001000100010010111000100010
101001010110001110100010101101000100011
101000001010001011100010101100111000101
101010110110100011000010101011001001100
101000010010001011100010101011000110110
101000000010001001100010011101000100001
101000000010001110100010101100110100001
101010110110001110100010101101000101010
101000000110011000100010101011001010110
111000110110001110100010101011000011001
100100010001010011100110011011001001100
101000000010001001100010100111001000001
101000000010001001100010011010010100001
101000000010001001100010100111000100001
101000110110001101100010011011000111011
101000000110001011100010011011001001000
101000110110100001000010011011001001011
101000110110001101100010010111000111110
101000110101100011000010101011001001101
101000000010001000100010011101000100001
100000110110001011100010101011001011101
101001110110010011100010100111001010110
101000110110001011100010101011001001110
101010110110001101100010011011001000110
001010110110001110100010011011000110011
101000000010001100000010100111000100011
111000110110100011000010101011001001100
000000000010001101100010010111001000111
101010110110100011100010100111001011001
111000000010001110100010100111000100001
001000000010011011100010011011001011001
101000001010100011000010011011000110110
111010110101001110100010010111001000110
101000000010001000100010101011000110011
001001010110001001100010010111000110011
101001010110001110100010101011000110011
101001010110001001100010010111000110011
101000001010010110100010011011001010110
101000010010100011100010101011000111000
001000000010100000100010101011000101110
101000010010001000100010101011000110100
101001010110001011100010100101001000100
011001010110001011100010100111001000101
101000010001001101100010010111000110111
101000010010001001000010010111001001001
101000110110010101100010101011001011101
111000110110001101100010101011001001001
101000000010001001100010011011000100001
101001010110010110100010100111001000101
101000110110001011100010010111001000110
100000000110001011100010100111001000101
101000010010100001000010101011001000111
101000010001011011000010011011000110110
000000000010001101100010010111000111001
101000000110001001100010101011001010101
011010110110001011100010011011001011011
101000000010001011100010100111000100011
101000110101100011000010101011001001010
101000110101001000100010011011001001010
100010110110001001000010011011000110101
101000000010001001100010011011000100010
100000001010010001000010101011001011100
101000000010001001100010011011000100001
101000110101010001000010011011000101100
101000000010001100000010100111000100001
101000010001001011100010101010111001010
100000010001001101100010010111000111000
101000000110010001000010101011001011011
101000110110010011100010100111001001110
101000010001100011100010011011001001011
101000010010001101100010010111001010100
001001010110001001000010011011000110011
101000110101001101100010101011000111000