100110100000110011000101010100110000100
100101010010100100001100000010100110111
100001110000101000000111100011000100010
110000001110110001000000000010001000010
100000010010101100111010000010001010100
111000010001010011011101001000011000110
011010101001000100100101010010100101011
110110100110010010101011100100110010111
100101100010001010010100100101000100101
110101100001101101110100100010010001001
000101101000010011010000000100010101010
010100001110001101110000011100010101011
100000001110001110111011010101000000010
110110101000001011000110000010101010100
100001001110001111010110011101010001000
